{
    "sensitivity": 1.8075968027114869,
    "musicVolume": -13.42589282989502,
    "SFXVolume": -6.329486846923828
}