{
    "sensitivity": 1.8075968027114869,
    "musicVolume": -13.42589282989502,
    "SFXVolume": -13.322284698486329
}